26
9
1
12345678912345678912345678
12345678912345678912345678
12345678912345678912345678
12345678912345678912345678
12345678912345678912345678
12345678912345678912345678
12345678912345678912345678
12345678912345678912345678
12345678912345678912345678
12345678912345678912345678
12345678912345678912345678
12345678912345678912345678
12345678912345678912345678
12345678912345678912345678
12345678912345678912345678
12345678912345678912345678
12345678912345678912345678
12345678912345678912345678
12345678912345678912345678
12345678912345678912345678
12345678912345678912345678
12345678912345678912345678
12345678912345678912345678
12345678912345678912345678
12345678912345678912345678