26
9
1
12345678912345678912345678
12345678912345678912345678
12345678912345678912345678
12345678912345678912345678
12345678912345678912345678
12345678912345678912345678
12345678912345678912345678
12234534215785324964345678
12345678912345678912345678
12345678912345678912345678
12345678912345678912345678
12345678912345678912345678
12345678912345678912345678
12345678912345678912345678
12345671111111111111111111
12345678912345678912345678
12345678912345678912345678
12345678912345678912345678
12345678912345678912345678
12345678912345678912345678
12345678912345678912345678
12345678912345678912345678
12345678912345678912345678
12345678912345678912345678
12345678912345678912345678
12345678912345678912345678